0000000000000000000000000000
0000000000000000000000000000
0000000000000000000000000000
2222222222222222222222222222
2111111111111221111111111112
2122221222221221222221222212
2120021200021221200021200212
2122221222221221222221222212
2111111111111111111111111112
2122221221222222221221222212
2122221221222222221221222212
2111111221111221111221111112
2222221222223223222221222222
0000021222223223222221200000
0000021223333333333221200000
0000021223222442223221200000
2222221223200000023221222222
3333331333200000023331333333
2222221223200000023221222222
0000021223222222223221200000
0000021223333333333221200000
0000021223222222223221200000
2222221223222222223221222222
2111111111111221111111111112
2122221222221221222221222212
2122221222221221222221222212
2111221111111531111111221112
2221221221222222221221221222
2221221221222222221221221222
2111111221111221111221111112
2122222222221221222222222212
2122222222221221222222222212
2111111111111111111111111112
2222222222222222222222222222
0000000000000000000000000000
0000000000000000000000000000